IDF(luna) = 1.6931471805599454
IDF(eat) = 1.6931471805599454
IDF(food) = 1.2876820724517808
IDF(dog) = 1.6931471805599454
IDF(love) = 1.6931471805599454
IDF(ai) = 1.6931471805599454
IDF(massive) = 1.6931471805599454


** Process exited - Return Code: 0 **
